0.000000    0.000000    0.000000
0.001001    0.000131    0.000116
0.002002    0.000139    0.000139
0.003003    0.000148    0.000148
0.004004    0.000157    0.000157
0.005005    0.000166    0.000166
0.006006    0.000176    0.000176
0.007007    0.000187    0.000187
0.008008    0.000198    0.000198
0.009009    0.000210    0.000210
0.010010    0.000223    0.000223
0.011011    0.000236    0.000236
0.012012    0.000250    0.000250
0.013013    0.000265    0.000265
0.014014    0.000281    0.000281
0.015015    0.000297    0.000297
0.016016    0.000314    0.000315
0.017017    0.000333    0.000333
0.018018    0.000352    0.000352
0.019019    0.000373    0.000373
0.020020    0.000394    0.000394
0.021021    0.000417    0.000417
0.022022    0.000441    0.000441
0.023023    0.000466    0.000466
0.024024    0.000492    0.000493
0.025025    0.000520    0.000520
0.026026    0.000550    0.000550
0.027027    0.000581    0.000581
0.028028    0.000613    0.000613
0.029029    0.000647    0.000648
0.030030    0.000683    0.000684
0.031031    0.000721    0.000722
0.032032    0.000761    0.000761
0.033033    0.000803    0.000803
0.034034    0.000847    0.000847
0.035035    0.000893    0.000894
0.036036    0.000942    0.000942
0.037037    0.000993    0.000993
0.038038    0.001046    0.001047
0.039039    0.001103    0.001103
0.040040    0.001162    0.001162
0.041041    0.001224    0.001224
0.042042    0.001289    0.001289
0.043043    0.001357    0.001357
0.044044    0.001428    0.001429
0.045045    0.001503    0.001504
0.046046    0.001582    0.001582
0.047047    0.001664    0.001665
0.048048    0.001750    0.001751
0.049049    0.001841    0.001841
0.050050    0.001935    0.001936
0.051051    0.002034    0.002035
0.052052    0.002138    0.002139
0.053053    0.002247    0.002247
0.054054    0.002360    0.002361
0.055055    0.002479    0.002480
0.056056    0.002604    0.002604
0.057057    0.002734    0.002734
0.058058    0.002870    0.002870
0.059059    0.003012    0.003012
0.060060    0.003160    0.003161
0.061061    0.003315    0.003316
0.062062    0.003477    0.003478
0.063063    0.003647    0.003648
0.064064    0.003824    0.003825
0.065065    0.004008    0.004009
0.066066    0.004201    0.004202
0.067067    0.004402    0.004403
0.068068    0.004611    0.004612
0.069069    0.004830    0.004831
0.070070    0.005058    0.005059
0.071071    0.005296    0.005297
0.072072    0.005544    0.005545
0.073073    0.005802    0.005803
0.074074    0.006071    0.006072
0.075075    0.006351    0.006353
0.076076    0.006643    0.006644
0.077077    0.006947    0.006948
0.078078    0.007263    0.007265
0.079079    0.007592    0.007594
0.080080    0.007935    0.007937
0.081081    0.008291    0.008293
0.082082    0.008662    0.008664
0.083083    0.009047    0.009049
0.084084    0.009448    0.009450
0.085085    0.009864    0.009866
0.086086    0.010297    0.010299
0.087087    0.010746    0.010748
0.088088    0.011213    0.011215
0.089089    0.011698    0.011700
0.090090    0.012201    0.012204
0.091091    0.012724    0.012726
0.092092    0.013266    0.013268
0.093093    0.013828    0.013831
0.094094    0.014412    0.014414
0.095095    0.015017    0.015019
0.096096    0.015644    0.015647
0.097097    0.016294    0.016297
0.098098    0.016968    0.016971
0.099099    0.017666    0.017669
0.100100    0.018389    0.018392
0.101101    0.019138    0.019141
0.102102    0.019913    0.019917
0.103103    0.020716    0.020720
0.104104    0.021547    0.021551
0.105105    0.022407    0.022410
0.106106    0.023296    0.023300
0.107107    0.024215    0.024219
0.108108    0.025166    0.025170
0.109109    0.026149    0.026153
0.110110    0.027165    0.027169
0.111111    0.028215    0.028219
0.112112    0.029299    0.029304
0.113113    0.030420    0.030424
0.114114    0.031576    0.031581
0.115115    0.032770    0.032775
0.116116    0.034002    0.034007
0.117117    0.035274    0.035279
0.118118    0.036586    0.036591
0.119119    0.037938    0.037944
0.120120    0.039334    0.039339
0.121121    0.040772    0.040777
0.122122    0.042254    0.042260
0.123123    0.043782    0.043787
0.124124    0.045355    0.045361
0.125125    0.046976    0.046982
0.126126    0.048645    0.048651
0.127127    0.050363    0.050369
0.128128    0.052131    0.052137
0.129129    0.053951    0.053957
0.130130    0.055823    0.055829
0.131131    0.057748    0.057755
0.132132    0.059728    0.059734
0.133133    0.061763    0.061770
0.134134    0.063854    0.063862
0.135135    0.066004    0.066011
0.136136    0.068212    0.068219
0.137137    0.070480    0.070487
0.138138    0.072808    0.072816
0.139139    0.075199    0.075207
0.140140    0.077652    0.077660
0.141141    0.080169    0.080177
0.142142    0.082752    0.082760
0.143143    0.085400    0.085409
0.144144    0.088116    0.088124
0.145145    0.090899    0.090908
0.146146    0.093752    0.093761
0.147147    0.096675    0.096684
0.148148    0.099669    0.099678
0.149149    0.102735    0.102745
0.150150    0.105875    0.105884
0.151151    0.109088    0.109098
0.152152    0.112377    0.112386
0.153153    0.115741    0.115751
0.154154    0.119182    0.119192
0.155155    0.122701    0.122711
0.156156    0.126299    0.126309
0.157157    0.129976    0.129986
0.158158    0.133733    0.133743
0.159159    0.137571    0.137581
0.160160    0.141491    0.141501
0.161161    0.145494    0.145504
0.162162    0.149580    0.149590
0.163163    0.153749    0.153760
0.164164    0.158004    0.158014
0.165165    0.162343    0.162354
0.166166    0.166768    0.166779
0.167167    0.171280    0.171291
0.168168    0.175878    0.175889
0.169169    0.180564    0.180575
0.170170    0.185337    0.185348
0.171171    0.190199    0.190210
0.172172    0.195148    0.195159
0.173173    0.200187    0.200198
0.174174    0.205314    0.205325
0.175175    0.210531    0.210542
0.176176    0.215837    0.215848
0.177177    0.221232    0.221243
0.178178    0.226716    0.226727
0.179179    0.232290    0.232302
0.180180    0.237954    0.237965
0.181181    0.243706    0.243717
0.182182    0.249548    0.249559
0.183183    0.255479    0.255490
0.184184    0.261498    0.261509
0.185185    0.267605    0.267616
0.186186    0.273800    0.273811
0.187187    0.280082    0.280093
0.188188    0.286451    0.286462
0.189189    0.292906    0.292917
0.190190    0.299447    0.299457
0.191191    0.306072    0.306082
0.192192    0.312781    0.312791
0.193193    0.319573    0.319583
0.194194    0.326447    0.326457
0.195195    0.333403    0.333413
0.196196    0.340438    0.340448
0.197197    0.347552    0.347561
0.198198    0.354743    0.354753
0.199199    0.362011    0.362021
0.200200    0.369354    0.369363
0.201201    0.376770    0.376779
0.202202    0.384258    0.384267
0.203203    0.391816    0.391825
0.204204    0.399443    0.399452
0.205205    0.407137    0.407145
0.206206    0.414896    0.414904
0.207207    0.422718    0.422726
0.208208    0.430601    0.430608
0.209209    0.438543    0.438550
0.210210    0.446543    0.446549
0.211211    0.454597    0.454603
0.212212    0.462703    0.462709
0.213213    0.470860    0.470866
0.214214    0.479064    0.479070
0.215215    0.487314    0.487320
0.216216    0.495607    0.495612
0.217217    0.503940    0.503944
0.218218    0.512310    0.512314
0.219219    0.520714    0.520718
0.220220    0.529151    0.529155
0.221221    0.537617    0.537620
0.222222    0.546108    0.546111
0.223223    0.554623    0.554625
0.224224    0.563157    0.563159
0.225225    0.571708    0.571710
0.226226    0.580273    0.580274
0.227227    0.588848    0.588849
0.228228    0.597430    0.597430
0.229229    0.606015    0.606015
0.230230    0.614601    0.614601
0.231231    0.623183    0.623183
0.232232    0.631759    0.631758
0.233233    0.640325    0.640323
0.234234    0.648876    0.648874
0.235235    0.657410    0.657407
0.236236    0.665923    0.665920
0.237237    0.674410    0.674407
0.238238    0.682869    0.682865
0.239239    0.691296    0.691292
0.240240    0.699687    0.699682
0.241241    0.708037    0.708031
0.242242    0.716343    0.716337
0.243243    0.724602    0.724595
0.244244    0.732809    0.732802
0.245245    0.740960    0.740953
0.246246    0.749052    0.749044
0.247247    0.757081    0.757072
0.248248    0.765042    0.765033
0.249249    0.772932    0.772923
0.250250    0.780747    0.780737
0.251251    0.788483    0.788473
0.252252    0.796136    0.796126
0.253253    0.803703    0.803691
0.254254    0.811178    0.811167
0.255255    0.818559    0.818547
0.256256    0.825842    0.825829
0.257257    0.833023    0.833010
0.258258    0.840098    0.840084
0.259259    0.847063    0.847048
0.260260    0.853914    0.853899
0.261261    0.860649    0.860634
0.262262    0.867262    0.867247
0.263263    0.873752    0.873736
0.264264    0.880114    0.880097
0.265265    0.886344    0.886327
0.266266    0.892440    0.892422
0.267267    0.898397    0.898379
0.268268    0.904213    0.904195
0.269269    0.909884    0.909866
0.270270    0.915408    0.915389
0.271271    0.920780    0.920761
0.272272    0.925998    0.925979
0.273273    0.931060    0.931040
0.274274    0.935961    0.935941
0.275275    0.940700    0.940679
0.276276    0.945273    0.945252
0.277277    0.949678    0.949657
0.278278    0.953913    0.953891
0.279279    0.957974    0.957952
0.280280    0.961860    0.961837
0.281281    0.965568    0.965545
0.282282    0.969096    0.969073
0.283283    0.972442    0.972419
0.284284    0.975604    0.975581
0.285285    0.978580    0.978557
0.286286    0.981369    0.981346
0.287287    0.983969    0.983945
0.288288    0.986377    0.986353
0.289289    0.988594    0.988569
0.290290    0.990616    0.990592
0.291291    0.992445    0.992420
0.292292    0.994077    0.994052
0.293293    0.995512    0.995487
0.294294    0.996750    0.996725
0.295295    0.997789    0.997764
0.296296    0.998629    0.998604
0.297297    0.999270    0.999245
0.298298    0.999710    0.999685
0.299299    0.999951    0.999926
0.300300    0.999991    0.999966
0.301301    0.999831    0.999806
0.302302    0.999470    0.999445
0.303303    0.998909    0.998884
0.304304    0.998149    0.998124
0.305305    0.997189    0.997165
0.306306    0.996031    0.996006
0.307307    0.994675    0.994650
0.308308    0.993121    0.993096
0.309309    0.991371    0.991347
0.310310    0.989426    0.989402
0.311311    0.987287    0.987263
0.312312    0.984955    0.984931
0.313313    0.982432    0.982408
0.314314    0.979719    0.979695
0.315315    0.976817    0.976794
0.316316    0.973729    0.973706
0.317317    0.970456    0.970433
0.318318    0.967001    0.966978
0.319319    0.963364    0.963342
0.320320    0.959549    0.959527
0.321321    0.955558    0.955536
0.322322    0.951392    0.951371
0.323323    0.947055    0.947034
0.324324    0.942549    0.942528
0.325325    0.937876    0.937856
0.326326    0.933040    0.933020
0.327327    0.928042    0.928022
0.328328    0.922886    0.922867
0.329329    0.917575    0.917556
0.330330    0.912112    0.912093
0.331331    0.906499    0.906481
0.332332    0.900741    0.900723
0.333333    0.894839    0.894822
0.334334    0.888799    0.888782
0.335335    0.882622    0.882605
0.336336    0.876312    0.876296
0.337337    0.869873    0.869858
0.338338    0.863309    0.863294
0.339339    0.856622    0.856607
0.340340    0.849817    0.849803
0.341341    0.842897    0.842883
0.342342    0.835866    0.835852
0.343343    0.828727    0.828714
0.344344    0.821485    0.821472
0.345345    0.814142    0.814130
0.346346    0.806704    0.806693
0.347347    0.799174    0.799163
0.348348    0.791555    0.791544
0.349349    0.783851    0.783841
0.350350    0.776068    0.776058
0.351351    0.768207    0.768198
0.352352    0.760274    0.760265
0.353353    0.752271    0.752263
0.354354    0.744204    0.744197
0.355355    0.736076    0.736069
0.356356    0.727891    0.727884
0.357357    0.719653    0.719646
0.358358    0.711365    0.711359
0.359359    0.703032    0.703026
0.360360    0.694657    0.694652
0.361361    0.686244    0.686240
0.362362    0.677798    0.677794
0.363363    0.669321    0.669318
0.364364    0.660818    0.660815
0.365365    0.652292    0.652290
0.366366    0.643747    0.643745
0.367367    0.635187    0.635185
0.368368    0.626615    0.626614
0.369369    0.618035    0.618034
0.370370    0.609450    0.609450
0.371371    0.600864    0.600864
0.372372    0.592280    0.592281
0.373373    0.583702    0.583703
0.374374    0.575133    0.575134
0.375375    0.566576    0.566578
0.376376    0.558034    0.558036
0.377377    0.549511    0.549514
0.378378    0.541010    0.541013
0.379379    0.532534    0.532537
0.380380    0.524085    0.524089
0.381381    0.515668    0.515672
0.382382    0.507283    0.507288
0.383383    0.498935    0.498940
0.384384    0.490626    0.490632
0.385385    0.482359    0.482365
0.386386    0.474136    0.474142
0.387387    0.465960    0.465966
0.388388    0.457833    0.457839
0.389389    0.449758    0.449764
0.390390    0.441736    0.441743
0.391391    0.433771    0.433778
0.392392    0.425864    0.425871
0.393393    0.418017    0.418025
0.394394    0.410233    0.410241
0.395395    0.402513    0.402521
0.396396    0.394859    0.394867
0.397397    0.387273    0.387282
0.398398    0.379757    0.379766
0.399399    0.372312    0.372321
0.400400    0.364939    0.364949
0.401401    0.357641    0.357651
0.402402    0.350419    0.350429
0.403403    0.343274    0.343284
0.404404    0.336207    0.336217
0.405405    0.329220    0.329230
0.406406    0.322313    0.322323
0.407407    0.315488    0.315498
0.408408    0.308745    0.308756
0.409409    0.302086    0.302097
0.410410    0.295512    0.295523
0.411411    0.289023    0.289033
0.412412    0.282619    0.282630
0.413413    0.276302    0.276313
0.414414    0.270072    0.270083
0.415415    0.263930    0.263941
0.416416    0.257876    0.257887
0.417417    0.251910    0.251921
0.418418    0.246032    0.246043
0.419419    0.240244    0.240255
0.420420    0.234545    0.234556
0.421421    0.228935    0.228946
0.422422    0.223415    0.223426
0.423423    0.217984    0.217995
0.424424    0.212642    0.212653
0.425425    0.207390    0.207401
0.426426    0.202227    0.202238
0.427427    0.197153    0.197164
0.428428    0.192168    0.192179
0.429429    0.187271    0.187282
0.430430    0.182463    0.182474
0.431431    0.177742    0.177753
0.432432    0.173109    0.173120
0.433433    0.168563    0.168573
0.434434    0.164103    0.164114
0.435435    0.159729    0.159740
0.436436    0.155441    0.155451
0.437437    0.151237    0.151248
0.438438    0.147118    0.147128
0.439439    0.143082    0.143093
0.440440    0.139129    0.139140
0.441441    0.135258    0.135269
0.442442    0.131469    0.131479
0.443443    0.127760    0.127770
0.444444    0.124131    0.124141
0.445445    0.120580    0.120590
0.446446    0.117108    0.117118
0.447447    0.113713    0.113723
0.448448    0.110395    0.110404
0.449449    0.107151    0.107161
0.450450    0.103982    0.103992
0.451451    0.100887    0.100896
0.452452    0.097864    0.097873
0.453453    0.094913    0.094922
0.454454    0.092032    0.092041
0.455455    0.089221    0.089229
0.456456    0.086478    0.086487
0.457457    0.083803    0.083811
0.458458    0.081194    0.081203
0.459459    0.078651    0.078659
0.460460    0.076172    0.076180
0.461461    0.073757    0.073765
0.462462    0.071404    0.071411
0.463463    0.069112    0.069119
0.464464    0.066880    0.066887
0.465465    0.064707    0.064714
0.466466    0.062593    0.062600
0.467467    0.060535    0.060542
0.468468    0.058533    0.058540
0.469469    0.056586    0.056593
0.470470    0.054693    0.054700
0.471471    0.052853    0.052859
0.472472    0.051064    0.051070
0.473473    0.049326    0.049332
0.474474    0.047638    0.047644
0.475475    0.045998    0.046004
0.476476    0.044405    0.044411
0.477477    0.042860    0.042865
0.478478    0.041359    0.041365
0.479479    0.039904    0.039909
0.480480    0.038491    0.038497
0.481481    0.037122    0.037127
0.482482    0.035794    0.035799
0.483483    0.034506    0.034511
0.484484    0.033258    0.033263
0.485485    0.032049    0.032054
0.486486    0.030878    0.030882
0.487487    0.029743    0.029748
0.488488    0.028645    0.028649
0.489489    0.027581    0.027585
0.490490    0.026552    0.026556
0.491491    0.025556    0.025560
0.492492    0.024592    0.024596
0.493493    0.023660    0.023664
0.494494    0.022759    0.022762
0.495495    0.021887    0.021891
0.496496    0.021045    0.021049
0.497497    0.020231    0.020235
0.498498    0.019445    0.019448
0.499499    0.018686    0.018689
0.500501    0.017952    0.017955
0.501502    0.017244    0.017247
0.502503    0.016561    0.016564
0.503504    0.015901    0.015904
0.504505    0.015265    0.015268
0.505506    0.014651    0.014654
0.506507    0.014059    0.014062
0.507508    0.013488    0.013491
0.508509    0.012938    0.012941
0.509510    0.012408    0.012410
0.510511    0.011897    0.011899
0.511512    0.011405    0.011407
0.512513    0.010931    0.010933
0.513514    0.010475    0.010477
0.514515    0.010035    0.010037
0.515516    0.009612    0.009614
0.516517    0.009206    0.009208
0.517518    0.008814    0.008816
0.518519    0.008438    0.008440
0.519520    0.008076    0.008078
0.520521    0.007728    0.007729
0.521522    0.007393    0.007395
0.522523    0.007072    0.007073
0.523524    0.006763    0.006765
0.524525    0.006466    0.006468
0.525526    0.006182    0.006183
0.526527    0.005908    0.005909
0.527528    0.005646    0.005647
0.528529    0.005394    0.005395
0.529530    0.005152    0.005153
0.530531    0.004920    0.004921
0.531532    0.004698    0.004699
0.532533    0.004484    0.004486
0.533534    0.004280    0.004281
0.534535    0.004084    0.004085
0.535536    0.003896    0.003897
0.536537    0.003717    0.003718
0.537538    0.003544    0.003545
0.538539    0.003379    0.003380
0.539540    0.003221    0.003222
0.540541    0.003070    0.003071
0.541542    0.002926    0.002926
0.542543    0.002787    0.002788
0.543544    0.002655    0.002656
0.544545    0.002528    0.002529
0.545546    0.002407    0.002408
0.546547    0.002292    0.002292
0.547548    0.002181    0.002182
0.548549    0.002075    0.002076
0.549550    0.001974    0.001975
0.550551    0.001878    0.001879
0.551552    0.001786    0.001786
0.552553    0.001698    0.001699
0.553554    0.001614    0.001615
0.554555    0.001534    0.001535
0.555556    0.001458    0.001458
0.556557    0.001385    0.001385
0.557558    0.001315    0.001316
0.558559    0.001249    0.001250
0.559560    0.001186    0.001186
0.560561    0.001126    0.001126
0.561562    0.001069    0.001069
0.562563    0.001014    0.001014
0.563564    0.000962    0.000962
0.564565    0.000912    0.000913
0.565566    0.000865    0.000866
0.566567    0.000820    0.000821
0.567568    0.000778    0.000778
0.568569    0.000737    0.000737
0.569570    0.000698    0.000699
0.570571    0.000662    0.000662
0.571572    0.000627    0.000627
0.572573    0.000593    0.000594
0.573574    0.000562    0.000562
0.574575    0.000532    0.000532
0.575576    0.000503    0.000504
0.576577    0.000476    0.000476
0.577578    0.000451    0.000451
0.578579    0.000426    0.000426
0.579580    0.000403    0.000403
0.580581    0.000381    0.000381
0.581582    0.000360    0.000360
0.582583    0.000340    0.000341
0.583584    0.000322    0.000322
0.584585    0.000304    0.000304
0.585586    0.000287    0.000287
0.586587    0.000271    0.000271
0.587588    0.000256    0.000256
0.588589    0.000242    0.000242
0.589590    0.000228    0.000228
0.590591    0.000215    0.000215
0.591592    0.000203    0.000203
0.592593    0.000191    0.000191
0.593594    0.000181    0.000181
0.594595    0.000170    0.000170
0.595596    0.000160    0.000160
0.596597    0.000151    0.000151
0.597598    0.000142    0.000143
0.598599    0.000134    0.000134
0.599600    0.000126    0.000126
0.600601    0.000119    0.000119
0.601602    0.000112    0.000112
0.602603    0.000105    0.000106
0.603604    0.000099    0.000099
0.604605    0.000093    0.000093
0.605606    0.000088    0.000088
0.606607    0.000083    0.000083
0.607608    0.000078    0.000078
0.608609    0.000073    0.000073
0.609610    0.000069    0.000069
0.610611    0.000065    0.000065
0.611612    0.000061    0.000061
0.612613    0.000057    0.000057
0.613614    0.000054    0.000054
0.614615    0.000050    0.000050
0.615616    0.000047    0.000047
0.616617    0.000044    0.000044
0.617618    0.000042    0.000042
0.618619    0.000039    0.000039
0.619620    0.000037    0.000037
0.620621    0.000034    0.000034
0.621622    0.000032    0.000032
0.622623    0.000030    0.000030
0.623624    0.000028    0.000028
0.624625    0.000027    0.000027
0.625626    0.000025    0.000025
0.626627    0.000023    0.000023
0.627628    0.000022    0.000022
0.628629    0.000020    0.000020
0.629630    0.000019    0.000019
0.630631    0.000018    0.000018
0.631632    0.000017    0.000017
0.632633    0.000016    0.000016
0.633634    0.000015    0.000015
0.634635    0.000014    0.000014
0.635636    0.000013    0.000013
0.636637    0.000012    0.000012
0.637638    0.000011    0.000011
0.638639    0.000010    0.000010
0.639640    0.000010    0.000010
0.640641    0.000009    0.000009
0.641642    0.000009    0.000009
0.642643    0.000008    0.000008
0.643644    0.000007    0.000007
0.644645    0.000007    0.000007
0.645646    0.000006    0.000006
0.646647    0.000006    0.000006
0.647648    0.000006    0.000006
0.648649    0.000005    0.000005
0.649650    0.000005    0.000005
0.650651    0.000005    0.000005
0.651652    0.000004    0.000004
0.652653    0.000004    0.000004
0.653654    0.000004    0.000004
0.654655    0.000003    0.000003
0.655656    0.000003    0.000003
0.656657    0.000003    0.000003
0.657658    0.000003    0.000003
0.658659    0.000003    0.000003
0.659660    0.000002    0.000002
0.660661    0.000002    0.000002
0.661662    0.000002    0.000002
0.662663    0.000002    0.000002
0.663664    0.000002    0.000002
0.664665    0.000002    0.000002
0.665666    0.000002    0.000002
0.666667    0.000001    0.000001
0.667668    0.000001    0.000001
0.668669    0.000001    0.000001
0.669670    0.000001    0.000001
0.670671    0.000001    0.000001
0.671672    0.000001    0.000001
0.672673    0.000001    0.000001
0.673674    0.000001    0.000001
0.674675    0.000001    0.000001
0.675676    0.000001    0.000001
0.676677    0.000001    0.000001
0.677678    0.000001    0.000001
0.678679    0.000001    0.000001
0.679680    0.000001    0.000001
0.680681    0.000001    0.000001
0.681682    0.000000    0.000000
0.682683    0.000000    0.000000
0.683684    0.000000    0.000000
0.684685    0.000000    0.000000
0.685686    0.000000    0.000000
0.686687    0.000000    0.000000
0.687688    0.000000    0.000000
0.688689    0.000000    0.000000
0.689690    0.000000    0.000000
0.690691    0.000000    0.000000
0.691692    0.000000    0.000000
0.692693    0.000000    0.000000
0.693694    0.000000    0.000000
0.694695    0.000000    0.000000
0.695696    0.000000    0.000000
0.696697    0.000000    0.000000
0.697698    0.000000    0.000000
0.698699    0.000000    0.000000
0.699700    0.000000    0.000000
0.700701    0.000000    0.000000
0.701702    0.000000    0.000000
0.702703    0.000000    0.000000
0.703704    0.000000    0.000000
0.704705    0.000000    0.000000
0.705706    0.000000    0.000000
0.706707    0.000000    0.000000
0.707708    0.000000    0.000000
0.708709    0.000000    0.000000
0.709710    0.000000    0.000000
0.710711    0.000000    0.000000
0.711712    0.000000    0.000000
0.712713    0.000000    0.000000
0.713714    0.000000    0.000000
0.714715    0.000000    0.000000
0.715716    0.000000    0.000000
0.716717    0.000000    0.000000
0.717718    0.000000    0.000000
0.718719    0.000000    0.000000
0.719720    0.000000    0.000000
0.720721    0.000000    0.000000
0.721722    0.000000    0.000000
0.722723    0.000000    0.000000
0.723724    0.000000    0.000000
0.724725    0.000000    0.000000
0.725726    0.000000    0.000000
0.726727    0.000000    0.000000
0.727728    0.000000    0.000000
0.728729    0.000000    0.000000
0.729730    0.000000    0.000000
0.730731    0.000000    0.000000
0.731732    0.000000    0.000000
0.732733    0.000000    0.000000
0.733734    0.000000    0.000000
0.734735    0.000000    0.000000
0.735736    0.000000    0.000000
0.736737    0.000000    0.000000
0.737738    0.000000    0.000000
0.738739    0.000000    0.000000
0.739740    0.000000    0.000000
0.740741    0.000000    0.000000
0.741742    0.000000    0.000000
0.742743    0.000000    0.000000
0.743744    0.000000    0.000000
0.744745    0.000000    0.000000
0.745746    0.000000    0.000000
0.746747    0.000000    0.000000
0.747748    0.000000    0.000000
0.748749    0.000000    0.000000
0.749750    0.000000    0.000000
0.750751    0.000000    0.000000
0.751752    0.000000    0.000000
0.752753    0.000000    0.000000
0.753754    0.000000    0.000000
0.754755    0.000000    0.000000
0.755756    0.000000    0.000000
0.756757    0.000000    0.000000
0.757758    0.000000    0.000000
0.758759    0.000000    0.000000
0.759760    0.000000    0.000000
0.760761    0.000000    0.000000
0.761762    0.000000    0.000000
0.762763    0.000000    0.000000
0.763764    0.000000    0.000000
0.764765    0.000000    0.000000
0.765766    0.000000    0.000000
0.766767    0.000000    0.000000
0.767768    0.000000    0.000000
0.768769    0.000000    0.000000
0.769770    0.000000    0.000000
0.770771    0.000000    0.000000
0.771772    0.000000    0.000000
0.772773    0.000000    0.000000
0.773774    0.000000    0.000000
0.774775    0.000000    0.000000
0.775776    0.000000    0.000000
0.776777    0.000000    0.000000
0.777778    0.000000    0.000000
0.778779    0.000000    0.000000
0.779780    0.000000    0.000000
0.780781    0.000000    0.000000
0.781782    0.000000    0.000000
0.782783    0.000000    0.000000
0.783784    0.000000    0.000000
0.784785    0.000000    0.000000
0.785786    0.000000    0.000000
0.786787    0.000000    0.000000
0.787788    0.000000    0.000000
0.788789    0.000000    0.000000
0.789790    0.000000    0.000000
0.790791    0.000000    0.000000
0.791792    0.000000    0.000000
0.792793    0.000000    0.000000
0.793794    0.000000    0.000000
0.794795    0.000000    0.000000
0.795796    0.000000    0.000000
0.796797    0.000000    0.000000
0.797798    0.000000    0.000000
0.798799    0.000000    0.000000
0.799800    0.000000    0.000000
0.800801    0.000000    0.000000
0.801802    0.000000    0.000000
0.802803    0.000000    0.000000
0.803804    0.000000    0.000000
0.804805    0.000000    0.000000
0.805806    0.000000    0.000000
0.806807    0.000000    0.000000
0.807808    0.000000    0.000000
0.808809    0.000000    0.000000
0.809810    0.000000    0.000000
0.810811    0.000000    0.000000
0.811812    0.000000    0.000000
0.812813    0.000000    0.000000
0.813814    0.000000    0.000000
0.814815    0.000000    0.000000
0.815816    0.000000    0.000000
0.816817    0.000000    0.000000
0.817818    0.000000    0.000000
0.818819    0.000000    0.000000
0.819820    0.000000    0.000000
0.820821    0.000000    0.000000
0.821822    0.000000    0.000000
0.822823    0.000000    0.000000
0.823824    0.000000    0.000000
0.824825    0.000000    0.000000
0.825826    0.000000    0.000000
0.826827    0.000000    0.000000
0.827828    0.000000    0.000000
0.828829    0.000000    0.000000
0.829830    0.000000    0.000000
0.830831    0.000000    0.000000
0.831832    0.000000    0.000000
0.832833    0.000000    0.000000
0.833834    0.000000    0.000000
0.834835    0.000000    0.000000
0.835836    0.000000    0.000000
0.836837    0.000000    0.000000
0.837838    0.000000    0.000000
0.838839    0.000000    0.000000
0.839840    0.000000    0.000000
0.840841    0.000000    0.000000
0.841842    0.000000    0.000000
0.842843    0.000000    0.000000
0.843844    0.000000    0.000000
0.844845    0.000000    0.000000
0.845846    0.000000    0.000000
0.846847    0.000000    0.000000
0.847848    0.000000    0.000000
0.848849    0.000000    0.000000
0.849850    0.000000    0.000000
0.850851    0.000000    0.000000
0.851852    0.000000    0.000000
0.852853    0.000000    0.000000
0.853854    0.000000    0.000000
0.854855    0.000000    0.000000
0.855856    0.000000    0.000000
0.856857    0.000000    0.000000
0.857858    0.000000    0.000000
0.858859    0.000000    0.000000
0.859860    0.000000    0.000000
0.860861    0.000000    0.000000
0.861862    0.000000    0.000000
0.862863    0.000000    0.000000
0.863864    0.000000    0.000000
0.864865    0.000000    0.000000
0.865866    0.000000    0.000000
0.866867    0.000000    0.000000
0.867868    0.000000    0.000000
0.868869    0.000000    0.000000
0.869870    0.000000    0.000000
0.870871    0.000000    0.000000
0.871872    0.000000    0.000000
0.872873    0.000000    0.000000
0.873874    0.000000    0.000000
0.874875    0.000000    0.000000
0.875876    0.000000    0.000000
0.876877    0.000000    0.000000
0.877878    0.000000    0.000000
0.878879    0.000000    0.000000
0.879880    0.000000    0.000000
0.880881    0.000000    0.000000
0.881882    0.000000    0.000000
0.882883    0.000000    0.000000
0.883884    0.000000    0.000000
0.884885    0.000000    0.000000
0.885886    0.000000    0.000000
0.886887    0.000000    0.000000
0.887888    0.000000    0.000000
0.888889    0.000000    0.000000
0.889890    0.000000    0.000000
0.890891    0.000000    0.000000
0.891892    0.000000    0.000000
0.892893    0.000000    0.000000
0.893894    0.000000    0.000000
0.894895    0.000000    0.000000
0.895896    0.000000    0.000000
0.896897    0.000000    0.000000
0.897898    0.000000    0.000000
0.898899    0.000000    0.000000
0.899900    0.000000    0.000000
0.900901    0.000000    0.000000
0.901902    0.000000    0.000000
0.902903    0.000000    0.000000
0.903904    0.000000    0.000000
0.904905    0.000000    0.000000
0.905906    0.000000    0.000000
0.906907    0.000000    0.000000
0.907908    0.000000    0.000000
0.908909    0.000000    0.000000
0.909910    0.000000    0.000000
0.910911    0.000000    0.000000
0.911912    0.000000    0.000000
0.912913    0.000000    0.000000
0.913914    0.000000    0.000000
0.914915    0.000000    0.000000
0.915916    0.000000    0.000000
0.916917    0.000000    0.000000
0.917918    0.000000    0.000000
0.918919    0.000000    0.000000
0.919920    0.000000    0.000000
0.920921    0.000000    0.000000
0.921922    0.000000    0.000000
0.922923    0.000000    0.000000
0.923924    0.000000    0.000000
0.924925    0.000000    0.000000
0.925926    0.000000    0.000000
0.926927    0.000000    0.000000
0.927928    0.000000    0.000000
0.928929    0.000000    0.000000
0.929930    0.000000    0.000000
0.930931    0.000000    0.000000
0.931932    0.000000    0.000000
0.932933    0.000000    0.000000
0.933934    0.000000    0.000000
0.934935    0.000000    0.000000
0.935936    0.000000    0.000000
0.936937    0.000000    0.000000
0.937938    0.000000    0.000000
0.938939    0.000000    0.000000
0.939940    0.000000    0.000000
0.940941    0.000000    0.000000
0.941942    0.000000    0.000000
0.942943    0.000000    0.000000
0.943944    0.000000    0.000000
0.944945    0.000000    0.000000
0.945946    0.000000    0.000000
0.946947    0.000000    0.000000
0.947948    0.000000    0.000000
0.948949    0.000000    0.000000
0.949950    0.000000    0.000000
0.950951    0.000000    0.000000
0.951952    0.000000    0.000000
0.952953    0.000000    0.000000
0.953954    0.000000    0.000000
0.954955    0.000000    0.000000
0.955956    0.000000    0.000000
0.956957    0.000000    0.000000
0.957958    0.000000    0.000000
0.958959    0.000000    0.000000
0.959960    0.000000    0.000000
0.960961    0.000000    0.000000
0.961962    0.000000    0.000000
0.962963    0.000000    0.000000
0.963964    0.000000    0.000000
0.964965    0.000000    0.000000
0.965966    0.000000    0.000000
0.966967    0.000000    0.000000
0.967968    0.000000    0.000000
0.968969    0.000000    0.000000
0.969970    0.000000    0.000000
0.970971    0.000000    0.000000
0.971972    0.000000    0.000000
0.972973    0.000000    0.000000
0.973974    0.000000    0.000000
0.974975    0.000000    0.000000
0.975976    0.000000    0.000000
0.976977    0.000000    0.000000
0.977978    0.000000    0.000000
0.978979    0.000000    0.000000
0.979980    0.000000    0.000000
0.980981    0.000000    0.000000
0.981982    0.000000    0.000000
0.982983    0.000000    0.000000
0.983984    0.000000    0.000000
0.984985    0.000000    0.000000
0.985986    0.000000    0.000000
0.986987    0.000000    0.000000
0.987988    0.000000    0.000000
0.988989    0.000000    0.000000
0.989990    0.000000    0.000000
0.990991    0.000000    0.000000
0.991992    0.000000    0.000000
0.992993    0.000000    0.000000
0.993994    0.000000    0.000000
0.994995    0.000000    0.000000
0.995996    0.000000    0.000000
0.996997    0.000000    0.000000
0.997998    0.000000    0.000000
0.998999    0.000000    0.000000
1.000000    0.000000    0.000000
