0.000000    0.000000    0.000000
0.010000    0.010000    0.010000
0.020000    0.020001    0.020003
0.030000    0.030005    0.030009
0.040000    0.040014    0.040021
0.050000    0.050030    0.050042
0.060000    0.060055    0.060072
0.070000    0.070091    0.070115
0.080000    0.080140    0.080171
0.090000    0.090204    0.090244
0.100000    0.100286    0.100335
0.110000    0.110386    0.110446
0.120000    0.120508    0.120579
0.130000    0.130653    0.130737
0.140000    0.140824    0.140921
0.150000    0.151022    0.151134
0.160000    0.161251    0.161377
0.170000    0.171511    0.171654
0.180000    0.181805    0.181966
0.190000    0.192135    0.192315
0.200000    0.202504    0.202704
0.210000    0.212915    0.213134
0.220000    0.223368    0.223609
0.230000    0.233867    0.234130
0.240000    0.244414    0.244700
0.250000    0.255011    0.255321
0.260000    0.265661    0.265997
0.270000    0.276367    0.276728
0.280000    0.287131    0.287518
0.290000    0.297955    0.298369
0.300000    0.308843    0.309284
0.310000    0.319797    0.320265
0.320000    0.330820    0.331316
0.330000    0.341914    0.342438
0.340000    0.353083    0.353636
0.350000    0.364330    0.364911
0.360000    0.375657    0.376266
0.370000    0.387068    0.387705
0.380000    0.398567    0.399231
0.390000    0.410155    0.410847
0.400000    0.421837    0.422555
0.410000    0.433617    0.434360
0.420000    0.445497    0.446264
0.430000    0.457482    0.458272
0.440000    0.469575    0.470386
0.450000    0.481780    0.482610
0.460000    0.494101    0.494948
0.470000    0.506542    0.507404
0.480000    0.519108    0.519981
0.490000    0.531803    0.532685
0.500000    0.544631    0.545518
0.510000    0.557597    0.558485
0.520000    0.570706    0.571591
0.530000    0.583963    0.584840
0.540000    0.597373    0.598237
0.550000    0.610942    0.611786
0.560000    0.624675    0.625493
0.570000    0.638577    0.639362
0.580000    0.652655    0.653399
0.590000    0.666914    0.667610
0.600000    0.681362    0.682000
0.610000    0.696004    0.696575
0.620000    0.710849    0.711340
0.630000    0.725902    0.726303
0.640000    0.741171    0.741470
0.650000    0.756664    0.756847
0.660000    0.772390    0.772441
0.670000    0.788356    0.788260
0.680000    0.804571    0.804311
0.690000    0.821044    0.820601
0.700000    0.837785    0.837140
0.710000    0.854804    0.853935
0.720000    0.872111    0.870995
0.730000    0.889717    0.888329
0.740000    0.907633    0.905946
0.750000    0.925871    0.923857
0.760000    0.944443    0.942071
0.770000    0.963363    0.960600
0.780000    0.982643    0.979454
0.790000    1.002299    0.998645
0.800000    1.022345    1.018186
0.810000    1.042797    1.038088
0.820000    1.063671    1.058366
0.830000    1.084985    1.079032
0.840000    1.106757    1.100102
0.850000    1.129006    1.121591
0.860000    1.151753    1.143515
0.870000    1.175018    1.165890
0.880000    1.198825    1.188734
0.890000    1.223197    1.212066
0.900000    1.248159    1.235905
0.910000    1.273738    1.260270
0.920000    1.299962    1.285185
0.930000    1.326861    1.310670
0.940000    1.354467    1.336751
0.950000    1.382812    1.363452
0.960000    1.411934    1.390800
0.970000    1.441870    1.418822
0.980000    1.472660    1.447548
0.990000    1.504347    1.477010
